1 BP 14 0 3 
2 := 5003 0 1002 
3 := 1002 0 3 
4 j 0 0 5001 
5 EP 14 0 3 
6 0 0 0 1 
7 := 5 0 4 
8 := 7 0 6 
9 := 10 0 9 
10 * 4 6 -1 
11 := -1 0 8 
12 := 15 0 2 
13 - 9 17 -3 
14 j<> -3 50000 17 
15 := 50000 0 -4 
16 j 0 0 18 
17 := 50001 0 -4 
18 j<> -4 50000 20 
19 j 0 0 25 
20 + 2 9 -5 
21 := -5 0 2 
22 + 9 23 -6 
23 := -6 0 9 
24 j 0 0 13 
25 @ 0 0 24 
26 @x 0 0 8 
27 @ 0 0 26 
28 @x 0 0 2 
29 @ 0 0 28 
30 := 30 0 5003 
31 :=x 30 0 5001 
32 j 0 0 1 
33 call 0 0 3 
34 @x 0 0 3 
35 0 0 0 0 
