1 const 7 -1 
2 int 14 -1 
3 const_number 27 1 
4 ; 42 -1 
5 int 14 -1 
6 num 27 2 
7 ; 42 -1 
8 int 14 -1 
9 function 27 3 
10 ( 32 -1 
11 int 14 -1 
12 n 27 1002 
13 ) 33 -1 
14 { 51 -1 
15 return 55 -1 
16 n 27 1002 
17 ; 42 -1 
18 } 52 -1 
19 void 49 -1 
20 main 50 -1 
21 ( 32 -1 
22 ) 33 -1 
23 { 51 -1 
24 int 14 -1 
25 a 27 4 
26 = 41 -1 
27 2 28 5 
28 ; 42 -1 
29 int 14 -1 
30 b 27 6 
31 = 41 -1 
32 6 28 7 
33 ; 42 -1 
34 int 14 -1 
35 e 27 8 
36 ; 42 -1 
37 int 14 -1 
38 i 27 9 
39 = 41 -1 
40 1 28 10 
41 ; 42 -1 
42 e 27 8 
43 = 41 -1 
44 a 27 4 
45 * 34 -1 
46 b 27 6 
47 ; 42 -1 
48 num 27 2 
49 = 41 -1 
50 0 28 15 
51 ; 42 -1 
52 while 26 -1 
53 ( 32 -1 
54 i 27 9 
55 != 45 -1 
56 3 28 17 
57 ) 33 -1 
58 { 51 -1 
59 num 27 2 
60 = 41 -1 
61 num 27 2 
62 + 35 -1 
63 i 27 9 
64 ; 42 -1 
65 i 27 9 
66 = 41 -1 
67 i 27 9 
68 + 35 -1 
69 1 28 23 
70 ; 42 -1 
71 } 52 -1 
72 printf 54 -1 
73 ( 32 -1 
74 a*b= 30 24 
75 , 37 -1 
76 e 27 8 
77 ) 33 -1 
78 ; 42 -1 
79 printf 54 -1 
80 ( 32 -1 
81 num= 30 26 
82 , 37 -1 
83 num 27 2 
84 ) 33 -1 
85 ; 42 -1 
86 printf 54 -1 
87 ( 32 -1 
88 funtion1()= 30 28 
89 , 37 -1 
90 function 27 3 
91 ( 32 -1 
92 14 28 30 
93 ) 33 -1 
94 ) 33 -1 
95 ; 42 -1 
